3498800
5296371
838470
6471576
9
10244305
2591771
2285501
11631278
11477604
2238306
3945604
5623076
7489679
3075801
3519707
1543509
12202876
2865300
12699171
7572909
4030000
6310876
1468571
8539871
11242376
1264200
3799502
11212205
6025701
8137774
634608
11106609
6552876
5044575
4562673
3315772
2449771
5545609
7733901
3177
8949806
7141901
2315203
12824103
7218209
11981309
12400105
7510003
7310474
6573000
8074104
11892507
4607871
2558408
7947002
1382472
5915606
5007704
8483073
3765471
743573
1425605
9732303
3509703
5872201
646902
3736379
3754302
3987101
6849307
11434401
8372005
12589775
3293409
4813406
3028106
12782301
8534772
3778807
9230008
3889979
4978905
12205802
11625702
1229209
5776407
7705806
320771
10370601
6621475
9764172
10429971
5915007
3835802
6115608
5680372
6624909
10097108
8628772
9421900
9904900
725872
6433707
1590400
3632075
11989603
1714105
10933479
2866071
3618174
9816702
7820501
12675174
7656609
10300978
6763977
8162705
7815503
4334506
12628377
4871579
1716572
1639377
12251106
12361176
7099573
4495474
2806674
10440873
5784801
6019471
9043177
7269075
12344679
3409875
6725904
7272773
2001875
10314009
5149604
12033571
10326570
819470
4581209
2114107
11372708
3883970
7318106
9390471
8410507
9860571
9467401
4148878
2593607
7277108
7920404
9399975
8500201
11303970
10779600
10652502
2682972
11694002
1488276
10454974
5283170
396902
8846078
10385705
976471
2860872
972609
5141702
8876171
8506005
2327275
5424605
1423405
91900
6229371
11266679
9135079
5775571
4013101
11635275
2795805
5982302
11526903
562778
4156973
1729475
3412707
11001705
2785879
5765602
8308908
9843707
8194874
11610004
380506
4543079
16108
11205200
380100
7925077
9065677
3452004
6242972
1732105
12469006
569370
10589579
2978070
2057472
3511579
1800179
4702107
4116874
3937107
8250579
783905
10367674
2392170
8548600
11401609
7116971
11534274
879101
6907075
8420579
9330875
7452209
9495872
1312907
8022379
7457771
5296401
3227971
8640676
2968279
911072
10400371
4895604
1055500
1027577
960807
7537479
5400773
5001905
1832600
8813774
1686270
2256477
6119707
9877803
6545078
9602476
12094609
741571
3768204
1756001
3614976
1090672
4164402
6739372
4067108
8048277
6340907
7290908
6629303
7468909
9306771
9021477
9596408
413177
1220672
12789507
3310900
11595204
3115179
5030471
7101979
8899671
11343379
10974774
8606870
477072
133073
10680772
1662406
7457503
1817807
10273709
4193273
6914371
4338100
11037778
8666103
8930773
1382905
5231307
11072478
259904
4525601
4747901
1981673
12719772
9853375
4131701
3754704
9720103
9079500
9951100
7498875
1800803
5142674
10522277
4431900
8947800
140271
3955176
2954870
1622071
6917904
11876672
5201079
9551378
1439800
3309009
1037876
11102875
5914578
5776970
7458879
11468208
1773501
10861205
868505
786307
1531907
8143405
8558370
9985606
2630678
11841770
9181473
7666607
4150977
1047276
193672
4398805
4565502
2528279
1996702
3363203
11404
2170778
1804508
1707300
3160579
5563909
10010070
5629109
3001905
4352474
8554706
7803974
2962901
11705800
11381474
12857400
8580203
4948802
5615173
879278
2380303
2650403
5768270
11710004
5115677
348074
7112107
3875770
4048474
3830505
1768377
3625101
7364208
9934074
10627609
3427074
10189306
4813604
2695607
4849279
3041204
9773509
5559503
593079
6589673
1734700
2684105
8723006
5533703
11510805
11660306
8974400
6211208
5586905
9999108
6674008
9012706
4047108
8400806
11676907
10891771
1461506
881603
1396874
9742408
2700277
6316073
4104306
5571200
3260402
1221202
5290906
4761502
4230008
5278203
1932801
6220875
10657007
3001406
2622502
11496775
1383800
7477972
12448601
1057778
3789077
12855507
4311472
6810008
10302301
10737702
10114602
10821308
11786874
4414271
1872
4680572
3829174
4126906
1471709
9339874
10647500
9794177
9947606
11447475
4890270
10460571
11497172
5683104
3413905
1547304
10995876
12035974
8760777
7405900
2398202
6216903
7213707
11685879
6910905
3793276
5325571
12382072
12668807
6444204
428903
7535975
4775904
1237103
9956309
12284405
9089203
9814574
1751571
10676309
1826905
368508
161072
10545205
5903008
691675
4268473
1666778
8435575
12418301
407170
5721600
4679901
8272074
6991006
2564573
2890001
10519272
3168670
2339703
8611077
12794071
11024572
11348704
7614874
4471171
12706304
236079
10407806
12396971
584709
11116974
1110002
5497100
9745207
7687000
7399402
947873
9655107
1483601
7546370
419906
3616400
1180808
8740974
5356573
10105072
1685902
10112303
1791470
235373
11681206
3735172
10160700
11255606
7503003
12176979
2685602
10944477
8985779
1388208
6935102
10432604
3430207
8149103
3864508
4382302
3954009
5935375
3503571
7706574
8702503
8075506
10404276
525072
1365771
6949005
8009276
2795802
2097600
9883809
6051875
2670778
1598909
5026679
12274578
3195275
1130508
5731276
2161008
5201879
7727071
4808176
6171576
12157876
7233607
2334203
12179978
10247374
9950401
1698172
2017309
11925803
6709873
6978606
12124179
397270
10798008
2332600
5663370
2391175
10893672
9171973
10776508
12722876
11043174
11255270
12081707
3800802
