5429755
3498800
5218415
5296371
3978966
838470
6471576
12673524
5182116
-25
7590811
25
9
7445643
9776620
10244305
9540089
815099
3880620
2591771
2285501
1382339
7948412
3941780
11631278
11135483
6097881
1814347
11477604
2578552
3284163
7968494
4267227
2596226
4267126
2850882
2189555
2238306
9746682
5099732
12371139
920229
1302640
3945604
11525315
3911293
7620684
7020831
2033316
12226168
692487
4319797
10398512
9048385
6594110
11270552
5623076
3118791
7489679
1036757
2810880
3075801
10849544
4966927
6213758
5496417
3519707
3946830
11114339
1543509
10108028
9119620
12202876
11044381
9816540
1433789
2503132
8033024
7016729
10497029
4514712
2241588
6874895
521312
3425167
2865300
12699171
7572909
8924116
10181121
4030000
10626930
3278746
5622564
3117955
3213128
2117644
3043057
6310876
1468571
3754941
7643499
8539871
11594627
4230323
11242376
7327868
2080398
3466263
-10952
2801581
2137034
8708787
448952
1264200
9753654
3122641
10262134
10634524
9845360
11316164
7593713
2865552
11654362
8778011
7120152
12560345
3799502
3364888
333914
2111430
11212205
4712946
6577821
2880528
12847783
3060436
6025701
11351228
8137774
3828798
5125891
5273358
2744590
2956938
634608
11106609
6595237
2768885
5228836
4277655
9979050
430187
11194310
1976937
6552876
8172112
10858617
6268619
11635219
8859221
5044575
6597125
2675139
7639919
3151334
1212927
5030969
2424557
2548736
4628781
4562673
7382427
11032893
3315772
3650560
7095085
1934933
9622111
2449771
5545609
10271289
7733901
1915724
7580316
10716428
3953582
3177
4400342
8949806
1957313
6296831
9630534
7141901
2315203
3810617
12824103
7218209
7848794
3293391
5324236
11981309
6144453
9706625
11136634
12400105
7510003
4074562
10940329
11508087
6955539
12454831
7310474
10325513
6021213
3212535
5218295
6038129
9463531
2968282
6256135
2784095
6573000
5059692
6300811
9084749
4997943
12499598
6294887
970730
1691861
8074104
11892507
7461622
3760785
1152915
4607871
6450113
10218595
588987
6540153
413154
6192416
1437486
8190593
8163045
2558408
1921343
12035249
7947002
1382472
1107888
7541491
8080049
9807688
5915606
103246
7240813
1570968
3603163
3279219
5007704
8687859
4776632
6574114
1754983
10584445
3562530
7853690
9935398
3204454
261653
11092649
514664
11595520
8483073
8349029
10981913
8551714
3346490
3765471
717925
12676460
2350810
5406257
11767884
12095246
5522654
2791527
743573
7695835
8060460
1425605
12234744
2649687
9732303
9935896
3509703
5322648
5872201
1616062
5223194
646902
12071911
4532036
3502547
790181
8673742
10940413
582792
7730921
11747459
3771865
3736379
11912525
11349285
9909298
3652336
3754302
3987101
991631
1406128
6849307
2153864
5297090
12498541
11434401
1073656
9321312
4273921
122919
8372005
6318710
12528895
5174097
3314624
857049
12589775
3293409
1205828
2859110
270146
4813406
10187810
8754116
3650289
3888167
2407828
6058720
11341618
8362999
9400082
7632016
1700460
5550612
12806914
10812340
24429
4673022
8483141
4521615
1610745
4456431
6462326
3028106
7024927
12782301
6344253
11056868
8534772
2360660
1329746
7483735
9311655
116154
6517221
3778807
9230008
3889979
12090945
8886857
6349284
4978905
582261
9378219
12205802
5494753
4405131
2356735
9486328
2429990
11625702
558891
11077637
1229209
12306562
4143286
5776407
1901564
3130325
3515014
8240298
7392330
8550284
7705806
11423895
3555014
3817098
12404987
2464043
7103524
320771
6103388
8303513
11120918
3929984
10370601
4978365
293031
5182565
-12469
6939651
12852810
11422057
6621475
9764172
1232628
7512457
3880128
8216297
6961930
5923067
11706485
4706013
4619250
6534629
2461850
12488252
4655941
2435357
6684511
2188734
10429971
546735
-1769
3409015
4417593
4671637
5915007
5762317
744169
10643046
555090
11088344
3835802
6115608
6854118
6902662
6127230
12155167
5680372
6998868
9393280
6624909
6705988
10725688
2131440
10097108
8628772
9779421
9421900
9904900
4709336
6428458
8185321
6550541
4579151
8731237
2963861
12566551
5858332
10219929
9826055
7329584
11342899
11903111
725872
1603665
9560726
2256143
6433707
3928059
8465299
3527885
11615944
1590400
12022487
3632075
331983
6033180
11989603
11375854
6671993
2778581
3472548
10192233
11010142
1244462
12674312
8542241
6140513
4588583
1714105
5148121
10933479
7014819
6214755
2866071
3618174
6258737
9816702
9249962
7820501
2089262
4403938
12675174
5348241
1726119
8860847
9072528
5251398
5280951
7656609
11097542
1365064
10331463
4585955
10300978
10981452
3789857
6763977
6295390
5522065
2132799
8021668
5561629
8162705
4264195
7815503
8634445
9635718
1342495
4334506
201625
748792
2810866
597130
1211912
1848325
8509625
2788697
1776517
5175767
10959025
4733594
12628377
4550718
11494442
12823313
11459438
9790525
7011852
4871579
12359280
12008881
981736
5064535
8124119
255356
928364
9475099
978763
12254454
987017
1716572
2250334
8839651
11348860
1639377
1711148
10760481
3912633
4361356
12251106
12361176
7099573
10611665
6645322
11790098
8254157
4495474
6291487
7248818
12579450
1665250
7613492
9132519
10405032
10547358
2806674
11205798
6484144
5048527
2706866
10329053
3304483
3102048
8495845
6504257
10554461
10440873
5504799
2108763
5784801
6019471
7553443
-15146
3107542
11607316
5401025
7889538
10497867
9043177
108685
7963269
4756123
7269075
9909225
8631225
408453
7290997
12344679
10807580
3409875
3948940
517298
1680697
10652297
11055214
416917
11883466
6725904
9571321
-3642
7272773
10777561
7904339
968898
2001875
7667864
3898515
10314009
8046045
10072822
5149604
5989664
12033571
12552584
6214118
10738832
7384717
10975983
7789126
8160030
10326570
5310165
7461348
11347312
7651727
819470
4581209
2690357
2114107
8999535
11372708
3682995
9111566
2607082
8903392
12706211
11697324
3950336
2983117
5018266
6716632
3503743
373381
3883970
5710656
9313825
4347784
7248368
5116988
432559
8749845
7318106
4474862
9390471
9493635
7417855
4870552
2621557
4055311
8410507
4021983
6507242
9860571
9467401
9042415
8634751
4148878
6180692
1706151
2593607
8778262
376026
112189
12244815
2204648
11331483
6159917
7277108
4023396
4815981
1646290
12815988
4716560
7920404
5540220
9715245
9399975
11439291
2887629
7282120
9653424
9959228
3450749
8500201
11233740
11303970
3751728
1691785
4190096
3431337
592195
10779600
10235389
964595
9585263
10652502
2682972
11295468
12817654
9974248
11694002
2764768
7851219
1488276
12590450
6111384
6130921
1938292
5661426
5734247
9325180
3701244
3690963
2314554
2403214
11983568
2658324
3223710
8336588
10454974
5283170
5028839
7157010
6299865
396902
1058784
9209644
10298758
8846078
10385705
9536715
1763590
6296516
8941085
6153923
1016343
976471
453836
12215418
1956146
8089654
6225186
11453035
12694819
4143628
7805995
2860872
1630120
972609
5216950
7486987
4242484
3158841
9897198
6923611
2006487
10074732
7941691
5141702
3991555
3789046
6805247
1172643
903353
3739990
1752849
7306848
12103690
8876171
12816896
1825384
9642598
12506020
9313739
3596455
9557411
3242989
8506005
10189432
880984
8285049
8461913
9577114
10847969
9231534
2327275
4473383
11353956
1895122
2594081
7984785
1406052
5424605
1423405
10669714
11361238
5543890
12091118
10447197
91900
6229371
9188357
11266679
8377312
1120723
4740090
12626853
1910837
9135079
3992599
5775571
4013101
6863516
10809641
11090189
11540840
12821518
8282056
11635275
10361121
2795805
6456733
4660791
9141091
5982302
1908726
1861844
11526903
12016695
12653343
2477239
6358712
10794340
7331255
132298
9558286
5533659
8248087
562778
1861413
9157266
6749486
6424930
6852799
9157141
10601044
1226916
7659328
11531564
2056121
4156973
3156887
7355460
1729475
12521895
7062738
12195658
2280255
12223115
10810411
11938637
4993745
5425711
2830031
10728182
9019458
1401421
4008314
9516167
3412707
11001705
10526888
11276669
1055586
11842644
12787412
11600744
2785879
2794111
9612229
3861940
2210749
5778345
4195782
5765602
2667656
10959037
5810539
6822962
5324193
2824190
1928850
10546961
7081129
8308908
11871068
104665
10878380
5201523
10824045
6223719
6360169
6634999
2925534
9843707
2282749
12551584
8194874
5106282
4981040
11610004
380506
9666130
8484618
7151217
4516660
9556587
108295
3518523
4543079
5999135
8138018
16108
12235414
10774498
8959334
6915511
8413543
11205200
2331788
7472018
10471489
482815
4009838
380100
4903754
282685
247768
3031755
127928
9981316
7925077
6663267
9065677
5637181
8081945
1147219
10624999
11147311
11271093
3618649
4496857
2684134
10499987
1306292
3452004
3070480
662045
6242972
3644029
10589088
1739442
1732105
2567318
9970098
1107553
867385
384046
12525486
7645495
12382133
9386232
11641443
962792
2738825
10892681
8609089
11739451
1763681
7870163
966159
12469006
8394455
12568780
5139094
569370
10589579
2978070
4036485
9680152
12777396
2057472
7100626
1501754
11850111
9037645
11521016
7512182
11748445
3511579
5797698
10539657
8635626
7325613
5898594
1800179
9045694
7567180
12757448
5780890
8284599
1354038
5708884
4702107
4116874
3937107
6516151
1234346
8250579
783905
6108089
9935315
10367674
2392170
8244849
3204360
1106627
7956010
8548600
2820147
4803167
6520719
12475996
8070037
11860982
11401609
7116971
5828134
10539823
11534274
4383660
3673686
1290831
2886890
2493410
215519
12204361
856533
10618795
4685261
879101
7996194
6907075
7005418
8420579
171156
2322491
5764430
455239
4450747
2409857
7895550
8722727
1492745
3645018
8526926
3652545
1568742
6775795
8150324
12251251
9330875
9867783
4720660
4140693
6538244
4021735
7452209
4887027
8031652
9495872
1312907
4248654
3025585
8461025
9499767
8055214
5620789
8022379
12273760
10995596
7457771
5296401
3227971
3836790
642992
9975429
5217369
2879586
581984
1964797
2768823
4240140
9644513
8640676
2968279
8686068
8268787
911072
5027111
10400371
9035997
1835529
4895604
1055500
9780156
6599450
5052898
9893969
913269
10298644
1027577
5754612
2356668
11434128
6788126
7287429
5331888
9801369
960807
7604722
6642530
478096
932693
10637069
7537479
7687790
1850493
5400773
11753464
5619312
8458931
9960660
7704461
3769333
2853023
1627751
5001905
1832600
8925981
1591063
5861155
7007980
7013553
1550859
2999681
8813774
7558332
8449124
830388
5858364
5144112
1686270
2256477
6119707
4526424
6895280
12261036
1272989
11560423
3792243
9177833
9395648
6958662
9396288
11778336
9877803
3711389
11868927
3223955
6545078
3429780
8200264
5257393
2774782
9602476
7660213
2931949
8578088
12662612
12094609
1490997
2188117
741571
3768204
12242867
11461687
1756001
3614976
9183839
8255591
2052139
5592994
9627246
6735737
4318026
819419
10064780
6966181
11607519
783151
8852581
8033689
9814916
4068858
1903239
1090672
4506734
5161237
8042394
6998215
4164402
9054432
6739372
6833990
9053645
12734436
6690045
7530121
3307296
1532918
10390745
11333530
5666344
8106752
4067108
869192
8492498
7990145
10184987
9029793
3023865
7566891
3674719
5345663
3316794
7268837
8048277
6340907
1294765
1370030
2800950
8963999
3845217
7290908
9694682
12054286
1497791
4324648
1928848
978761
6746538
11519237
10402592
7000496
1772538
6057320
6629303
4742845
12742352
7468909
12629123
7754598
9306771
3963721
9021477
10950310
9596408
12793181
7275381
413177
10847448
425412
513456
1220672
8089753
10141990
2019325
7026813
12789507
5868141
4593966
3310900
884010
12134198
8579380
5513511
6742748
10319386
4154655
6092891
44630
11595204
7250349
7944423
10470589
3115179
2657539
11234627
6763142
9109242
2222318
5030471
3001287
4873549
7101979
12606942
7660766
4812037
835486
10570140
2746325
8899671
5830293
11343379
10974774
8606870
9556532
3681798
11014889
5991133
3894059
477072
4352944
2620969
133073
10861010
2179619
7933097
5055493
8828752
10680772
2679340
3075526
1662406
858811
3665733
7457503
1817807
10273709
9703650
3960652
4193273
4946913
1638488
2203552
6914371
11822352
3242764
4338100
11551937
11037778
6662924
277461
3323968
8666103
9182589
8008011
1759327
8689392
2792618
12518738
1975119
6773291
9533418
9567787
9407361
11266047
8601113
4654625
9893925
312347
1223459
7651230
5195741
8404618
1834963
4067540
3875292
12745846
8930773
6724192
1983863
1382905
10703914
9480427
7831940
12511352
11743840
11950767
11095091
5231307
2340295
9249344
330595
886343
7264053
10469110
6273935
342582
10973315
4348181
7841364
11072478
7137149
2381715
259904
10990891
4636984
4525601
3605586
5979454
4122796
4747901
1981673
12719772
3677061
12133080
4472736
6974540
11788023
2505093
9146642
9722864
7967957
9274532
2376055
9853375
8169196
4131701
11644032
9457919
8340090
8099783
6050583
3754704
7701160
4854750
7574964
10666515
366067
7585468
3775036
2965896
9720103
7754719
997859
274838
6491856
2554956
1108646
9079500
9951100
7358828
10896262
12739889
11736658
7109051
6659524
7498875
10795928
2081511
10040437
2616859
4467658
7484546
8076651
1800803
8897767
5524280
2383753
7909254
11384336
10726445
9033016
1412749
5142674
12682192
10522277
10329162
9917293
7323410
9639930
8074757
13143
12470183
7999947
6885992
4431900
4361883
2342530
98253
8480054
2098716
8947800
4192930
140271
3955176
12150516
2375060
11930850
6674617
781363
2954870
9778625
1622071
10963480
4485739
1994086
5797233
11010093
6917904
3006636
2965922
4830958
7033789
11876672
1255824
2753252
5201079
4248036
11711740
4705254
9657585
10713154
9493151
6207491
9551378
5024362
2011535
8672917
1439800
10076399
521626
5859812
3309009
1037876
11102875
5914578
5202312
5233957
5260852
2580126
815085
6433330
8755354
8200497
7825468
5776970
7458879
8553152
137827
2716348
10703456
10591692
6915820
6047651
8933136
4836044
12303997
4620844
11468208
8173856
1626887
2001934
9201469
3383645
7594246
6839050
2379481
5414454
3860931
2445195
8519285
5754998
9924741
11698535
4188840
2101418
6879017
1773501
10861205
9016997
963196
9303223
12645427
6501815
12094119
11532045
12200025
4498910
1890134
3211322
12728887
12028052
10184037
3409713
868505
40789
4845627
3545431
786307
3117233
3619862
-16197
1531907
3861993
6854041
7822324
2424944
8143405
8558370
9985606
11634121
7181420
12146561
2630678
11841770
6543767
4263066
5347393
6849360
1795151
771699
5352067
7171369
8041380
9933419
10606516
627593
4459164
12211693
9086329
4270658
12844022
9181473
10690069
12850669
3415452
12725322
1478340
7666607
4874569
1481780
6323647
4391849
4150977
1047276
12033463
193672
4398805
4565502
10681092
12224519
2865296
2528279
12691289
9821859
8127291
939358
4855299
5596494
10200233
5122737
1996702
3363203
2948595
10868381
271350
9036551
627821
11820446
1095968
3723191
3555431
2699587
2123713
5831260
9085732
11404
1071769
691798
5462039
6666545
2170778
11368349
1804508
9833647
2078043
11946843
12456823
5027087
11441694
10363134
2466615
5707463
4180886
1707300
3160579
12317528
5563909
10010070
11364059
2069695
2761866
2398041
8050638
1916427
1594095
9943659
11234388
3769944
11878332
9084914
6857522
4684591
6385436
4447326
9423062
1517958
10541922
1138232
7147345
7643082
7527063
8533280
6361422
6007869
2064355
698434
7518996
5629109
3001905
5013483
3513999
5944167
7093629
6059583
4745719
4860825
4327961
803118
1366664
8924797
9506165
2142492
8387245
12014143
4352474
6109623
5616664
11290744
4548898
11348484
2869516
2367067
9899083
8554706
12856235
1551435
6649594
7478154
1199028
1495798
7803974
6022668
1936082
2962901
12745041
11705800
4938714
11381474
9056081
6870258
5406963
10137141
7153810
12284082
9685453
7748852
8285756
7713887
8058132
12751655
3036634
7490327
12104312
1100454
10756837
3934093
6705182
7814641
2008413
686857
3137451
12857400
1993718
3380653
8580203
6689563
11897448
12576944
4948802
3104689
5615173
7849494
879278
12157947
11874332
2380303
3836085
7856363
679710
2811030
7130643
2218318
8400681
7791338
2650403
2420093
3897714
6078822
634154
841147
7594063
2487216
11894699
7043345
5768270
11647116
3172915
1195552
11710004
10570293
3223636
8502753
5115677
9298797
5184638
470797
2184490
3516931
6816594
5378630
12093244
8716365
11706756
1935398
12790465
348074
9060899
9429519
7112107
9046282
1067182
1093211
9978623
7872051
11757659
3790229
9638286
1152852
3002117
3310812
9414328
3875770
7290227
4048474
11971934
3830505
667633
5232256
10519327
503630
7453614
2998486
1095697
3317841
2678453
1768377
3674783
3625101
2401097
8209755
4163939
12285128
8396953
7364208
3938783
11832665
12695565
5961681
12484985
9934074
12110152
8183014
3163443
10627609
2692956
3427074
10839336
5453241
4482457
10901222
3375439
3180653
10189306
4966117
12614045
4587782
11145552
5445545
4813604
2695607
4849279
379253
2386068
9793782
3041204
11055325
5751330
9773509
1442258
6460151
2198230
5559503
1279137
593079
6589673
5871213
8344857
3977641
5520094
2640828
1734700
3487166
10592330
4869860
870546
2684105
6912969
8276637
7764838
7821034
89368
2211317
8065698
1949933
8723006
6602228
1064954
4431049
2656018
5533703
11510805
9358693
4819830
8281142
9413681
2625129
11660306
11512135
8974400
6211208
4238240
1367468
12763261
517090
5586905
1820522
8912115
7261934
6826891
9999108
9939847
8949960
8428647
9987333
3704164
4760424
6674008
2868265
10998945
6461591
9785032
12279844
1259219
6673790
24230
5122326
9012706
3045836
1545286
11893028
11370741
6340363
5607796
9476039
9058969
1262953
8718851
2545437
5102416
2589363
6793329
3751410
4751531
5457746
4047108
3114364
11815758
8547643
8400806
5606420
9057641
136242
11797219
2382090
11676907
11792761
6868880
5028338
12095783
12217936
10891771
1461506
1395717
12799312
9413967
11289814
11051047
2025250
6311036
8051192
159144
642890
881603
7697089
4190539
6010941
12118727
12806534
264590
2769116
11613846
11035213
9251485
4865621
692567
6514761
5648039
4527714
12785434
1396874
10828268
9742408
9126368
11588856
6272145
7370284
2700277
4873061
8114114
5912832
9047114
11409836
6316073
7749829
9972629
4104306
7887661
5571200
736132
3260402
1221202
9175266
11899421
3338044
498387
5290906
7841241
4761502
4230008
5276124
5278203
11722785
4422589
1932801
6220875
1709524
7535142
1617162
12031561
10657007
2299391
6384356
12151943
6256352
4175225
3001406
2622502
9978314
1741328
11496775
1383800
4381952
7477972
1630068
11905769
3158249
979427
10697280
8521794
10654099
7394897
12448601
12664526
1647182
10303827
2903190
1057778
4393613
2289846
3789077
88396
1739065
9528865
1357948
12855507
11644447
6003783
4311472
9092657
3135231
4993663
7817955
918533
1914820
6810008
1822628
4433496
12251642
3550087
5488457
10302301
11119298
11129033
9430039
254437
7553318
5921765
3395411
6900062
4252435
6938730
7771290
5475247
2231958
10737702
6603182
6196618
10114602
3769389
3266749
6817152
10076790
10821308
10212151
11786874
10856648
1719396
130092
8721661
581532
7488083
11686664
3098569
4414271
11793731
4615393
1872
2418055
4680572
8562113
2460450
3829174
3919587
4126906
12393313
5534034
1471709
9339874
4206633
10647500
9794177
3120098
9355598
10023319
8283842
5763151
12350069
11016459
491169
6637098
7774217
3459356
9947606
4318486
11447475
4890270
12314019
10460571
5573939
8803089
2610884
12089540
10293733
10264520
1339353
11497172
4633133
1376796
5683104
3413905
1547304
2296716
3912763
10921888
9406485
7385847
8023269
814319
4540015
10995876
12035974
4293545
2717469
11618728
12591847
8760777
7405900
5909938
10153955
11043211
7624963
1040298
12478890
10942086
5426317
8563469
8382311
6547426
12197918
3990860
2099156
2398202
6216903
7213707
2178622
11685879
12262334
8772338
5517257
12739091
2887022
6012221
8296299
9949750
9111984
9553559
468985
6468642
3014335
11998859
10790042
6910905
3793276
5325571
11059083
4991751
12382072
12293583
8238445
8219823
6434864
12668807
5577520
3886957
6444204
2009986
5350339
8062868
12395483
163335
2297324
3181163
428903
6535546
906482
2848860
12312197
3380754
5846858
7535975
3000513
10225718
5535255
10541593
4775904
3502964
1237103
1829730
10524830
9956309
6554235
1536185
7094263
12284405
8025448
12077615
9089203
9814574
2563380
10731666
9643124
10940946
12472936
11133561
3320756
3296482
9205248
1751571
5080430
2808792
10676309
1194966
3726094
8623427
1826905
368508
10111451
161072
4890536
7450581
4171424
6497625
1353630
10545205
6461149
9383252
5903008
5302067
691675
12721344
10919187
9470933
11555466
7853849
2594035
3496563
4268473
10457654
12729533
11593342
12474133
4594117
10161919
1491445
11901335
8666656
1666778
5892681
12113323
11476459
6230528
12547345
1724480
3069283
2159523
9906928
3017923
955389
708192
9941866
4951196
1019128
7350056
8435575
12418301
11853265
9331960
10452849
8327183
9537817
12819554
4929363
7613494
5647991
6581322
407170
6279026
10475430
879345
5721600
7609746
3043798
5325082
2733014
8891583
4679901
10117269
10541943
9751563
5035786
8499926
8272074
10296263
1235438
6991006
4574387
1632937
567514
2564573
12828451
6913052
-9921
7056988
3332786
6021189
4674137
7075398
3678987
8627435
4471751
7285450
2890001
9471453
380584
4111749
2877240
5032148
9592099
981617
12609437
8184242
5077227
3670497
2975448
3430412
12853943
1268360
10519272
3168670
9739636
2339703
8611077
5441084
2166469
11997924
3372560
12794071
6055759
2503738
12578951
11024572
2614618
11348704
1365836
5948138
7359867
1118618
337695
1974381
4783811
6393814
899249
7614874
4598646
1023981
7081231
4798696
4471171
8625266
4023494
12675354
2427917
5694021
3676391
2730620
8087646
8583352
808380
350915
4847821
12535033
6518988
7566687
12706304
2472840
7986161
233762
9975430
3271850
11236539
3116393
7467582
1445712
9353345
10579827
236079
10407806
12396971
584709
2569180
11233881
8107111
-15041
11709460
11116974
3274611
1110002
10963811
5497100
10259422
12475358
7136182
9108757
6210915
2795132
1940564
9287237
9745207
3900741
8113961
7687000
1713154
7399402
9659858
947873
7204628
9655107
6864860
2411859
1483601
4633632
2778614
4981141
1682663
10896189
4856343
7546370
4663812
3107262
-7146
419906
1329435
11586517
250685
9368114
3616400
4772826
2458731
1180808
12270761
4888817
10174722
3634285
8740974
10184023
6054941
10726544
3274150
5356573
10105072
6513183
1200649
3399641
6671158
3085610
5121290
2269358
97180
1685902
8524864
10112303
1230853
5761983
2093622
11960158
4747143
10993097
1487881
6957053
10127651
5993819
434456
2219353
1791470
692414
731547
4074517
3361585
5543988
8195930
12013565
235373
11681206
3735172
7373223
12305432
2477852
9279452
7125611
6975055
468521
10160700
5350733
11255606
861510
8427020
8263820
12585262
5820165
1011021
7503003
10115588
12729560
5408714
10948024
3323361
9093259
6075034
3139511
6500913
9566965
9664111
8157266
12176979
2685602
10019182
1386015
2029943
6487065
12060764
1152110
3347389
10944477
8985779
275248
1378194
12555939
1388208
257148
9582321
6935102
4047731
9246961
7032065
5026447
10432604
3430207
4575524
445255
2256567
8149103
4232750
4567452
3864508
682456
7847664
4382302
11542568
3954009
1300988
7114526
5935375
11080727
-1632
8315817
4845915
4090662
8603583
4054348
7821380
4191761
3503571
7706574
8039817
8451945
8702503
8075506
9332033
10404276
254419
9313212
525072
736543
11022541
468781
9600187
7100842
6445763
7132748
8066095
10570281
12313534
6663028
5115288
1365771
6949005
12805331
8565784
5015482
10598599
8009276
2795802
3792368
2097600
3643711
3616330
5079939
6400149
11856427
9369084
7146124
12141841
10073832
863462
8243648
10603361
8157388
3537125
3760143
7216995
10197816
9883809
5346599
10668793
8486717
874987
6705557
6051875
2456953
9537718
11081096
10800895
6109116
3629436
3233548
2670778
12270817
997960
1598909
5026679
5794890
12314049
9490637
11304892
11479640
6274750
12274578
12181843
11139763
8210033
3466229
7925518
4099587
3195275
1130508
5731276
4077099
4781785
37952
10888537
5049059
11187953
2161008
5201879
11409487
6681245
9351791
9904224
5097951
3085128
804295
3833323
10899268
7361639
2416782
7727071
4808176
11408954
7443438
7385822
8745588
5222939
4438653
6770520
12639824
2308414
2607311
9353958
6171576
9716248
9154751
12157876
7233607
11478681
10595324
8055141
2334203
9010766
12179978
10247374
11820454
2516985
8619494
3824229
11081334
9950401
7972332
5055085
7478530
1698172
7370528
2017309
11455952
12526516
7245048
11925803
2074529
6709873
8052126
2986490
5231828
1893034
7736543
5057191
9856298
8253814
1384414
9655951
9356666
6978606
3936485
12427386
12124179
397270
5606329
9176826
10578414
7817233
9141644
1760216
10798008
4222682
5181880
1520633
2658338
12811360
8913452
2332600
6764184
3857162
5663370
9321982
2391175
9863414
317237
4363989
5217043
10893672
12052855
438995
2960583
9171973
3681481
2717049
6041767
3930082
11194790
11981919
6902143
424697
11516351
3869125
2302810
10776508
5125987
3802957
12291452
7869337
2617163
8604715
2448963
9801122
6952631
4403935
1271547
10438340
1364717
11308232
12722876
4570323
132223
10552057
5173597
3618643
11669649
6891790
299445
7068031
5832463
1894020
7145213
11043174
6798597
6035062
6920755
11255270
11017683
4623965
12081707
10926743
4954935
3833450
12671646
3800802
7185068
